00100001011010110000000000000000
10001101011100000000000000000000
00100000000010000000000000000001
00100000000010010000000000000001
00100000000010100000000000000000
00010001010100000000000000001000
00010101010100000000000000000000
01110001001010000100100000000010
00100001000010000000000000000001
00100001010010100000000000000001
00010101010100001111111111111100
10101101011010010000000000000100
00100100000000100000000000001010
00000000000000000000000000001100
10101101011010010000000000000100
00100100000000100000000000001010
00000000000000000000000000001100
