00100001100011000000000000000000
10001101100100000000000000000000
00100000000010000000000000000000
00100000000010010000000000000001
00100000000010100000000000000000
00100010000010111111111111111111
00010010000010000000000000000010
00010010000010010000000000000100
00010101011010100000000000000111
10101101100010000000000000000100
00100100000000100000000000001010
00000000000000000000000000001100
00100001001010000000000000000000
10101101100010000000000000000100
00100100000000100000000000001010
00000000000000000000000000001100
00000001000010011000100000100000
00100001001010000000000000000000
00100010001010010000000000000000
00100001010010100000000000000001
00010101011010101111111111111011
00100010001010000000000000000000
10101101100010000000000000000100
00100100000000100000000000001010
00000000000000000000000000001100
